A1 A2 A3 A4 A5 C1 C2 C3 C4 C5 P1 P2 P3 P4 P5 W1 W2 W3 W4 W5 Config2
10000000000000001111 1
01000000000000010111 1
00100000000000011011 1
00010000000000011101 1
00001000000000011110 1
00011000000000011100 1
11000000000000000111 1
10100000000000001011 1
10010000000000001101 1
10001000000000001110 1
01100000000000010011 1
01010000000000010101 1
01001000000000010110 1
00110000000000011001 1
00101000000000011010 1
01110000000000010001 1
01101000000000010010 1
01011000000000010100 1
11100000000000000011 1
11010000000000000101 1
11001000000000000110 1
10110000000000001001 1
10101000000000001010 1
00111000000000011000 1
10011000000000001100 1
11110000000000000001 1
11101000000000000010 1
01111000000000010000 1
11011000000000000100 1
10111000000000001000 1;
