['grant_msg(n1)', 'grant_msg(n2)', 'grant_msg(n3)', 'held()', 'holds_lock(n1)', 'holds_lock(n2)', 'holds_lock(n3)', 'lock_msg(n1)', 'lock_msg(n2)', 'lock_msg(n3)', 'unlock_msg(n1)', 'unlock_msg(n2)', 'unlock_msg(n3)']
  id class depth size binary hex
   0    A    0    1 000|0|000|000|000 0x0

   1    B    1    3 000|0|000|100|000 0x20
   2    B    1    3 000|0|000|010|000 0x10
   3    B    1    3 000|0|000|001|000 0x8

   4    C    2    3 000|0|000|110|000 0x30
   5    C    2    3 000|0|000|101|000 0x28
   6    C    2    3 000|0|000|011|000 0x18

   7    D    2    3 010|1|000|000|000 0xa00
   8    D    2    3 001|1|000|000|000 0x600
   9    D    2    3 100|1|000|000|000 0x1200

  10    E    3    1 000|0|000|111|000 0x38

  11    F    3    6 100|1|000|010|000 0x1210
  12    F    3    6 010|1|000|100|000 0xa20
  13    F    3    6 100|1|000|001|000 0x1208
  14    F    3    6 001|1|000|100|000 0x620
  15    F    3    6 010|1|000|001|000 0xa08
  16    F    3    6 001|1|000|010|000 0x610

  17    G    3    3 010|1|000|010|000 0xa10
  18    G    3    3 001|1|000|001|000 0x608
  19    G    3    3 100|1|000|100|000 0x1220

  20    H    3    3 000|1|100|000|000 0x300
  21    H    3    3 000|1|010|000|000 0x280
  22    H    3    3 000|1|001|000|000 0x240

  23    I    4    3 010|1|000|101|000 0xa28
  24    I    4    3 001|1|000|110|000 0x630
  25    I    4    3 100|1|000|011|000 0x1218

  26    J    4    6 001|1|000|101|000 0x628
  27    J    4    6 010|1|000|011|000 0xa18
  28    J    4    6 001|1|000|011|000 0x618
  29    J    4    6 100|1|000|110|000 0x1230
  30    J    4    6 010|1|000|110|000 0xa30
  31    J    4    6 100|1|000|101|000 0x1228

  32    K    4    6 000|1|001|100|000 0x260
  33    K    4    6 000|1|010|001|000 0x288
  34    K    4    6 000|1|001|010|000 0x250
  35    K    4    6 000|1|100|010|000 0x310
  36    K    4    6 000|1|010|100|000 0x2a0
  37    K    4    6 000|1|100|001|000 0x308

  38    L    4    3 000|1|010|010|000 0x290
  39    L    4    3 000|1|100|100|000 0x320
  40    L    4    3 000|1|001|001|000 0x248

  41    M    4    3 000|1|000|000|010 0x202
  42    M    4    3 000|1|000|000|100 0x204
  43    M    4    3 000|1|000|000|001 0x201

  44    N    5    3 001|1|000|111|000 0x638
  45    N    5    3 100|1|000|111|000 0x1238
  46    N    5    3 010|1|000|111|000 0xa38

  47    O    5    3 000|1|001|110|000 0x270
  48    O    5    3 000|1|100|011|000 0x318
  49    O    5    3 000|1|010|101|000 0x2a8

  50    P    5    6 000|1|100|110|000 0x330
  51    P    5    6 000|1|010|110|000 0x2b0
  52    P    5    6 000|1|100|101|000 0x328
  53    P    5    6 000|1|001|101|000 0x268
  54    P    5    6 000|1|010|011|000 0x298
  55    P    5    6 000|1|001|011|000 0x258

  56    Q    5    6 000|1|000|010|100 0x214
  57    Q    5    6 000|1|000|100|010 0x222
  58    Q    5    6 000|1|000|001|100 0x20c
  59    Q    5    6 000|1|000|100|001 0x221
  60    Q    5    6 000|1|000|001|010 0x20a
  61    Q    5    6 000|1|000|010|001 0x211

  62    R    5    3 000|1|000|001|001 0x209
  63    R    5    3 000|1|000|100|100 0x224
  64    R    5    3 000|1|000|010|010 0x212

  65    S    6    3 000|1|100|111|000 0x338
  66    S    6    3 000|1|010|111|000 0x2b8
  67    S    6    3 000|1|001|111|000 0x278

  68    T    6    3 000|1|000|011|100 0x21c
  69    T    6    3 000|1|000|101|010 0x22a
  70    T    6    3 000|1|000|110|001 0x231

  71    U    6    6 000|1|000|110|100 0x234
  72    U    6    6 000|1|000|110|010 0x232
  73    U    6    6 000|1|000|101|100 0x22c
  74    U    6    6 000|1|000|101|001 0x229
  75    U    6    6 000|1|000|011|010 0x21a
  76    U    6    6 000|1|000|011|001 0x219

  77    V    7    3 000|1|000|111|100 0x23c
  78    V    7    3 000|1|000|111|010 0x23a
  79    V    7    3 000|1|000|111|001 0x239

