A1 A2 A3 A4 C1 C2 C3 C4 P1 P2 P3 P4 W1 W2 W3 W4 Config4
1000000001000011 1
1000000000100101 1
1000000000010110 1
0100000010000011 1
0100000000101001 1
0100000000011010 1
0010000010000101 1
0010000001001001 1
0010000000011100 1
0001000010000110 1
0001000001001010 1
0001000000101100 1
1100000000100001 1
1100000000010010 1
1010000001000001 1
1010000000010100 1
1001000001000010 1
1001000000100100 1
0110000010000001 1
0110000000011000 1
0101000010000010 1
0101000000101000 1
0011000010000100 1
0011000001001000 1
1000000001100001 1
1000000001010010 1
1000000000110100 1
0100000010100001 1
0100000010010010 1
0100000000111000 1
0010000011000001 1
0010000010010100 1
0010000001011000 1
0001000011000010 1
0001000010100100 1
0001000001101000 1;
