L11  L12  L13  L21  L22  L23  L31  L32  L33  S1  S2  S3 Config2
100000000011 1
010000000101 1
001000000110 1
000100000011 1
000010000101 1
000001000110 1
000000100011 1
000000010101 1
000000001110 1
000000110001 1
000000101010 1
000000011100 1
110000000001 1
101000000010 1
011000000100 1
000110000001 1
000101000010 1
000011000100 1
000001100010 1
000001010100 1
100010000001 1
100001000010 1
100000010001 1
100000001010 1
010100000001 1
010001000100 1
010000100001 1
010000001100 1
001100000010 1
001010000100 1
001000100010 1
001000010100 1
000100010001 1
000100001010 1
000010100001 1
000010001100 1 ;
